Peakid	Start	EDM_start	EDM_final	EDM_rate	EDM_halftime	ResStError
peak_2	3289987	0.390237648862467	0	74081.4437416863	13.2363313121277	0.189794603595667
peak_18	5435461	0.426746640391263	0.160041756288254	3.82136336304118	6.15092147706046	0.104535712714148
peak_19	5467922	0.439568545439101	0	38436.8286182133	13.5951184408434	0.132022148943005
peak_23	6047740	0.393020898437085	0.000127568739815836	19.0903686782862	13.23863469346	0.16423955093141
peak_24	6082883	0.497497469410892	0.0433631318397188	5.90025036190126	4.68187137886676	0.215358253340279
peak_25	6091813	0.518081856894932	0	13.975577217015	8.30678413352661	0.0840083708160659
peak_26	6172007	0.53192916766784	0	25154.1041874636	12.964596934712	0.273079154563678
peak_27	6173362	0.695846284012987	0	46685.5253047278	10.6823463177095	0.196957932407109
peak_31	6399393	0.532558487514962	0	60325.2241253739	11.2339864675675	0.228493178368446
peak_37	6778336	0.494089589229868	0.0494744868636975	3.76532114620736	3.0541064274117	0.103991733652772
peak_40	7188289	0.492005537765155	0.0325059240837859	2.82242508866192	2.16343412179889	0.0554951077324972
peak_42	7249327	0.727995783760346	0.261746608848339	3.2408652606498	4.91732227014649	0.218683314523293
peak_43	7306902	0.271315180985094	0.0454332483924869	2.48995224560193	2.28506199802396	0.0460598405020029
peak_44	7318428	0.458113007408289	0.0225976888909254	8.68694790223336	6.48419002439811	0.072261477993961
peak_46	7375331	0.563932318678271	0.226640571366258	0.787411823539705	1.42341440186122	0.238877871591371
peak_48	7420978	0.552071996797952	0.111910126598187	2.91791066078176	2.87854484110255	0.156677567781735
peak_50	7428725	0.494189919639257	0.0797079476606558	4.23725842334108	3.84201081705987	0.0568953125515207
peak_53	7563117	0.503152985936573	0.092353584865625	1.18345479072021	1.12167828723315	0.126893104254522
peak_54	7573104	0.542745753710707	0.0156642295362451	5.29307988074251	3.82857218007536	0.0816465723227716
peak_57	7610130	0.558592731811718	0.151849381398592	2.8139431198083	3.2655301356408	0.195737971230915
peak_58	7638206	0.552414236436807	0	8.2363706608669	5.29233973774927	0.0786469049881763
peak_61	7648431	0.510863915919392	0	11.6551764905029	7.07542822984186	0.0636583003098824
peak_64	7658408	0.385839504675865	0.0928581934045861	3.31699882566173	3.56352891551523	0.0756065460064041
peak_66	7670015	0.580589258474329	0.103870363423887	6.26163537516189	5.87906149761348	0.0490023411308581
peak_67	7673556	0.503783427103843	0	8.35680432226388	5.68957240091845	0.111763298005374
peak_68	7679181	0.504929488088076	0.154244907182825	4.48146365266224	5.70346463474153	0.0718922009497002
peak_70	7696693	0.439807998892445	0	23.410503308552	11.3699449443088	0.0676208731197551
peak_71	7713910	0.570113035463787	0.197200136919078	5.98590485591281	8.65347206394927	0.0776837183691965
peak_72	7721699	0.485772599823863	0.107430562545727	9.6056095371136	9.86643758384109	0.085195433855974
peak_73	7722753	0.711394899349	0.109885867280622	6.11728050852033	5.47420894363877	0.0834681637222328
peak_74	7724241	0.427695094945297	0.12995884598329	3.24148579557111	4.10604544125435	0.088896428414191
peak_76	7727862	0.503440098155867	0.118890856582318	4.64314486280476	4.93569925845199	0.047819383099391
peak_77	7733088	0.50736085174306	0.0921387379485034	21.9947379177196	NA	0.122475441877471
peak_80	7740079	0.342607342599867	0.00527679457082717	7.77037980352254	5.50852808350166	0.0938075827090847
peak_82	7750333	0.448870040535667	0.153167920007402	6.4096490279223	9.12040371947843	0.137084100931131
peak_83	7752087	0.611984176526437	0.211735998861281	5.78592702478619	8.36685182211038	0.146515670561651
peak_84	7753773	0.509182162712239	0	30.4687697395121	13.3547208342453	0.128570938556457
peak_86	7763586	0.572217982014106	0.348510123523368	2.32313829139811	NA	0.220801215654165
peak_87	7764701	0.516242574985503	0.0547800246106116	11.1371488363932	9.12706317388204	0.0521363898939583
peak_90	7775370	0.54596410409703	0	22.4120887831626	10.4350856262172	0.0945986054078415
peak_91	7776403	0.583976502828697	0.289162963195795	1.36607974391787	6.34917350180293	0.115202147616677
peak_96	7811231	0.383787639424567	0.149467054287917	5.42702035907903	9.27429357645575	0.0955943926609701
peak_98	7821837	0.5479294762563	0.0570298430259447	2.70863724627544	2.21198804312194	0.110082988333731
peak_100	7840911	0.462583612209932	0	44.4379666499056	14.3015459720242	0.12056030535204
peak_105	7877609	0.499384845530358	0	49657.021403293	10.5538921788273	0.139153508024228
peak_107	7883645	0.486061346547708	0.121370055460083	5.81781964797481	6.38689474293574	0.0765302023522682
peak_108	7898849	0.466959225810797	0	66306.3429983579	13.4517643674395	0.0350332320880855
peak_109	7915813	0.633211704914739	0.236146447949587	1.01377260083775	1.61833373911654	0.140357192272123
peak_111	7922043	0.475182512142539	0	21.5861798989246	11.8543983529577	0.078076055627327
peak_112	7926230	0.495331079909163	0.155600471735366	6.81470404058773	8.89766865270251	0.0775390956005856
peak_113	7936981	0.496261733842744	0	49706.795766916	NA	0.123304719236873
peak_114	7947338	0.473016345300948	0	136164.126368182	13.868450250202	0.0800215603110913
peak_118	7992687	0.398613962904935	0.174912369899505	2.16073262594567	4.78807701759085	0.108567044252853
peak_119	8001816	0.459126386551876	0.135668566835673	3.07261187211827	3.8004999822119	0.0357714162306358
peak_120	8007675	0.55294760989278	0.234186951512333	1.3165342846277	2.65935224117306	0.0960382667757147
peak_123	8015630	0.472142642960463	0.216389790000207	2.15988845875137	5.53910059007244	0.12608353968433
peak_124	8020076	0.486821054732964	0.180938160555576	5.15486082245394	8.18838301978663	0.106341302634041
peak_125	8033156	0.629714137548087	0.283118191074889	10.2698016053076	NA	0.132772897311225
peak_126	8048755	0.565878214686912	0.296221946463612	2.60422094836925	NA	0.168129342584022
peak_127	8050270	0.47680244854036	0.0331770948847447	14.5699329881775	11.2316366085446	0.0426529040599997
peak_132	8073680	0.51144962092322	0.222612206647108	9.2647823333767	NA	0.11448535509505
peak_133	8096158	0.534201488238409	0	41502.9661338975	NA	0.119821610900995
peak_137	8131738	0.523040124159888	0.160095468106802	5.89019190445183	7.50961036739671	0.156996993185754
peak_139	8136859	0.503674671997467	0	71.0430130937335	9.68171642535538	0.0965100116280829
peak_141	8139228	0.430992891864947	0.120635095070532	3.63266418609185	4.30583120369413	0.100225353748716
peak_142	8140276	0.52028308770847	0.0366312520459035	6.64410757672122	5.12863871966631	0.0640697679564497
peak_144	8144956	0.507407666935226	0	14.2103867751202	7.46664410019056	0.0834460175230792
peak_145	8162124	0.558065932367373	0.0167824686805677	5.46755555052648	3.96202563671621	0.130545840041668
peak_146	8167595	0.378381239542604	0.175426553972071	2.63865698840256	7.10041872062738	0.0652527460084792
peak_147	8175241	0.477843229323985	0.123968123971145	9.65120121860636	10.8519691553473	0.084532112319927
peak_150	8182661	0.424310723106263	0.0637306722244631	7.56050683236245	6.71098031224285	0.0608717360889654
peak_151	8191975	0.468906243308972	0.159157440095026	4.57277645076307	6.46745549383046	0.192993323596502
peak_152	8206076	0.453358716670901	0.0706824764760052	8.04454263359425	7.21879677354183	0.0799037537471121
peak_156	8230219	0.49000818689458	0.113891971145817	5.79298987775133	6.10491531497358	0.141051740457085
peak_157	8234910	NA	NA	NA	NA	NA
peak_158	8238474	0.739787123070436	0.0932644769533323	13.306477085377	11.2962764057703	0.0508580139517104
peak_159	8251962	0.462385590475667	0.120419946303165	8.73550846303368	9.84691478125064	0.131386368379547
peak_161	8314803	0.635862730297499	0.233268087858773	7.73082469310563	12.0542749524129	0.0962156266152314
peak_164	8732991	0.530617146639543	0	144584.228107859	14.1420317152858	0.142317487038305
peak_165	8864218	0.509001216442221	0.114641169669098	7.34903112633708	7.61819974172517	0.13134390805671
peak_166	8892213	0.479402778122838	0.17435072999837	5.40778728353302	8.33185837071325	0.137964259359545
peak_167	8948519	0.417638833473006	0	29454.1286997769	NA	0.204093710919502
peak_173	9061048	0.776377938890834	0	15.4160966854472	10.1029536194908	0.153235766936222
peak_174	9062620	0.712529066056431	0.434646917297928	16.7439704912554	NA	0.169897371251487
peak_175	9077762	NA	NA	NA	NA	NA
peak_176	9095066	0.520449892246611	0.161207901093731	18.4723809724401	NA	0.181399405755331
peak_178	9142543	0.366174861040932	0.106059177546637	4.35890478403214	5.30458745069791	0.0948082448037319
peak_179	9158812	0.389175689607499	0.146413600661492	0.984154266680528	1.59163075239413	0.0556411705332985
peak_181	9199561	0.397538985945935	0	17.2836618431047	8.30294254544842	0.0747975760615921
peak_185	9272121	0.491986343009428	0.143940220640032	7.44800515293344	9.13753448905184	0.0690764029108445
peak_186	9334839	0.64880992800812	0.546876689829303	0.496630214936821	NA	0.10630476297268
peak_187	9375289	0.388389958985388	0.0287350151323984	18.5848575649874	14.4295775029185	0.0437862262617513
peak_189	9470818	0.35743039752608	0.130811605242349	2.83984786760507	4.4133472349821	0.113341413986975
peak_190	9475045	0.840527538044284	0	136737.045676022	NA	0.208790184614298
peak_191	9479322	0.388861793051823	0.261819117432184	1.49654946226462	NA	0.158338711372303
peak_193	9517459	0.535851003288157	0.302809995810178	3.91722663543691	NA	0.113592723024075
peak_194	9519999	NA	NA	NA	NA	NA
peak_196	9613068	0.300912828801984	0	54975.5045225631	10.7386865510247	0.135254185423984
peak_198	9662226	0.491223555653988	0.153214092956882	4.32413761931795	5.60828527984984	0.0781953946212156
peak_199	9747318	0.52352825013156	0.104584441079673	1.63817197470857	1.60597725731558	0.144930615419679
peak_202	10117097	0.445198387889718	0	20756.8024669297	10.9738488721459	0.144022660187424
peak_203	10216003	0.468478018339265	0	303.681974341306	14.9792290275576	0.0513143421632111
peak_206	10484770	0.457568353270374	0	14.6102021419457	7.90206367334683	0.0874988526129619
peak_208	10535592	0.445671233782867	0.0241300569427811	11.3895136244119	8.56597726392846	0.118652277489164
peak_210	10714535	0.557023883929916	0	20.471422866858	12.6231699722611	0.173970581771147
peak_216	11090617	0.428271316197311	0	43672.9790192846	9.99841174275618	0.179841183062556
peak_221	11550279	0.538181184131545	0.250993831682153	1.18890912861214	3.28662260751715	0.0918145773653683
peak_224	11664339	0.590129325573395	0.221138553724948	1.29242097914658	2.07783240312654	0.137476742513559
peak_225	11734710	0.62332111092263	0.184808229432646	5.4301540862623	6.73537614080651	0.132640870681267
peak_226	11745987	0.581858062084188	0.210053818396252	5.47059633285311	8.34517646721035	0.127291929887429
peak_227	11802864	0.444444929034392	0.262124096935567	0.653261910366321	NA	0.0857498611978073
peak_228	11807081	0.436703578111178	0	58697.7404643803	NA	0.146450084181531
peak_232	11956893	0.646498668472418	0	31120.7761320741	NA	0.108558394742722
peak_233	11998339	0.506476134143033	0	32.0043604276914	14.1974943181656	0.0981869729365416
peak_235	12004915	0.478998574220193	0.236590121459368	5.65085915113707	NA	0.0486189401472601
peak_238	12014633	0.447959497708399	0.151569283705875	14.6518671059942	NA	0.126784827995787
peak_240	12031844	0.548139427524036	0.30041992996307	3.32986940848364	NA	0.117641448455615
peak_243	12047472	0.55695324886111	0.403090033847186	0.622390160506886	NA	0.119236096903213
peak_244	12066306	NA	NA	NA	NA	NA
peak_246	12076698	0.509885271326311	0	51016.9110315374	NA	0.155416215310457
peak_247	12078423	0.537230762584655	0.442187794560919	4.8339622591059	NA	0.080509414655477
peak_249	12086930	0.520636511267787	0	1394.02422694357	NA	0.079553741122554
peak_255	12133285	0.505649880527017	0	142334.419554553	NA	0.213667719577986
peak_256	12134341	0.551745495953868	0	59.6048978888378	NA	0.188661208644922
peak_260	12139859	0.426387067016719	0	51315.9601471083	NA	0.102994593027611
peak_261	12146253	0.327493413658885	0	66766.1693529125	13.6080031198935	0.137142871629253
peak_263	12152579	0.504770311229322	0	80820.2674695846	NA	0.0655532539540916
peak_264	12155503	0.409885258435907	0	121502.892318018	NA	0.18368521443878
peak_265	12157418	0.537811102000938	0	49.3008573369599	13.6555568165493	0.138144908937496
peak_266	12159707	0.505580175304795	0	23.002730793365	11.5604036204023	0.0937135262262217
peak_267	12224932	0.461822102300315	0.12160771506821	3.49995325311256	3.97401860543438	0.128985855459007
peak_269	12251853	0.416993065651434	0.117870304784018	6.21711899574862	7.42392643037081	0.0755547885129608
peak_270	12284828	0.435551776944319	0.105976842467966	6.15597478736296	6.65522877002087	0.136103957043301
peak_271	12285915	0.527388878778671	0.232968024120024	5.44206644213432	12.2984579557128	0.0921017759617356
peak_272	12287523	0.503381014488733	0.239470700802028	2.83583307425377	8.71324234462692	0.139342648236243
peak_275	12299399	0.813941556422492	0	63368.0520963423	NA	0.19144764350095
peak_279	12348215	0.526269832033334	0	32.769236047016	15.2653090611251	0.130381130535575
peak_283	12531086	0.503734506410211	0.0965540571463376	4.00316018965849	3.85829684518991	0.149712355712943
peak_284	12540970	0.449534874174446	0	42518.7039647438	16.8349689977932	0.18615116594749
peak_285	12587301	0.526097864784488	0.146207809989889	8.06872004433984	9.51355990321636	0.0532097154063641
peak_287	12610536	0.384401898274248	0.0929888584811315	1.94125917551001	2.09167133956941	0.0732142732144737
peak_288	12651745	0.568535559303898	0.157994968209716	2.52117789152819	2.97254454482135	0.0806757135615396
peak_289	12672923	0.486836106952751	0	119759.990454078	16.3460416709209	0.078534864335812
peak_291	12759033	NA	NA	NA	NA	NA
peak_292	12761329	0.522391121501115	0.0387220824229089	12.3316595092599	9.57668012383141	0.0829742102414796
peak_293	12766880	0.358951262034225	0	188198.201273118	12.714694124966	0.148943771614051
peak_295	12822526	0.588552432508731	0	23.3904406547229	8.26692728049797	0.109390964345671
peak_296	12834745	0.592226547372669	0.214343462968134	2.25156505807002	3.4464182492396	0.10114886335358
peak_297	12839705	0.428036079054229	0	97.1411000613618	12.4390649526628	0.10474219192574
peak_298	12857959	0.533952516916342	0.246801009828345	1.01215319355137	2.68782689290971	0.115286771662585
peak_299	12860088	0.421965796235997	0.0673951574415118	7.25120809011023	6.554811547235	0.0898692390495814
peak_300	12873346	0.480106345760572	0	18.7131883146539	7.80185464999854	0.0935730245090593
peak_303	12916601	0.408167412378964	0.195359005970996	1.25130175355099	3.9969507955232	0.0888645014879016
peak_305	12924798	0.404993308021741	0.0869402556583931	4.54240676345685	4.59900284413764	0.132004584673619
peak_306	12926871	0.487024128278835	0.165923571761958	1.41603895859777	2.01124999469226	0.134610773177729
peak_307	12927901	0.547071181081784	0.0710206906584813	7.57708255501672	6.47621169649262	0.135957113245572
peak_308	12936314	0.445460857309171	0.321943150261765	0.917996483814639	NA	0.167332747471277
peak_309	12942394	0.302768168101779	0.131758652809007	2.39726984791407	5.18983262273679	0.11639130337689
peak_315	13013876	0.439380385660544	0.225250574226586	5.01467463173309	NA	0.115317922742614
peak_319	13046568	0.339498694947368	0.164269460715154	3.84544645496666	13.3245126912521	0.0649694723275505
peak_320	13066441	NA	NA	NA	NA	NA
peak_321	13070378	0.413648495606316	0.0988702347446595	8.70313407176319	9.31377316202272	0.0391305060854834
peak_322	13078683	0.542500446435143	0.289729471374343	1.57369742929979	NA	0.102503624540162
peak_323	13085383	0.590321123073165	0.0578305351588483	4.1163012799419	3.32643877147756	0.172130696290083
peak_326	13199621	0.392980647772166	0.0891348197979975	1.07072324656607	1.1139533042307	0.20725846358531
peak_328	13206267	0.522133201286648	0.19787510391729	4.2941936906271	7.02259574569757	0.0499230979238671
peak_330	13214232	0.334425644296203	0	94541.5362253631	NA	0.170714414419672
peak_331	13225024	NA	NA	NA	NA	NA
peak_332	13230055	0.506716296733311	0.0597790686651397	8.4319290535849	7.05526524674389	0.0509588008838999
peak_334	13240712	0.437100277688686	0	13.7813951895485	7.88029470121756	0.0908840820766682
peak_335	13242343	0.41636129767549	0.131505670179847	3.46939855612957	4.55326312457618	0.0403472073007973
peak_337	13280008	0.461644097832059	0.397308058888265	3.07790976110636	NA	0.0546865682661953
peak_341	13293742	0.514814665959869	0	20.0664484043524	12.9020014408872	0.0627463194662514
peak_342	13344542	0.388746989725275	0.0492771201137357	9.54460848043425	8.11279330675238	0.102256765780478
peak_343	13345626	0.496963608472819	0.164615929010528	3.41455360307242	4.70171345745984	0.0480268526069348
peak_344	13386326	0.504110727036794	0.202998740462174	0.800858009743268	1.45316249708005	0.163132054223718
peak_345	13416093	0.518354448293891	0.161343625286177	9.92065991592641	12.842274749139	0.0682208521570409
peak_347	13461172	0.414921289298777	0.0930206935734424	7.63407397468145	7.89510241765661	0.105615409160119
peak_349	13757456	0.498826022242582	0.0662597394728111	3.05546275137661	2.62590201805267	0.130486226351463
peak_351	13845481	0.538563054710747	0.135149970529772	4.115892788272	4.53217407812532	0.0822458552130667
peak_352	13858735	0.479934162543659	0.0356792480395901	4.60776043848719	3.57962432190089	0.0813498248713698
peak_359	14585091	0.402889402079516	0	23.2284233696707	7.81529670330119	0.0983757462636507
peak_360	14632334	0.602955706031671	0.166157535317659	1.46772947187804	1.71992435577836	0.0962307022213893
peak_365	15322357	0.482193975702432	0.0465793000808257	6.47992354077666	5.22434104227528	0.111275732927313
peak_370	15631767	0.431852751492861	0	12.8391094945893	7.4690903975589	0.132306033839969
peak_372	15846317	0.496115680802463	0.172859752676218	6.46420041227961	9.42686340561428	0.136124441627643
peak_380	16617974	0.42476947469608	0	20.7853903398437	8.10738841157962	0.0350543227980998
peak_381	16894485	0.506981166838745	0	8.35349151655008	5.61894265423842	0.0750325929257969
peak_385	17319153	0.555776249543722	0.0740942837546437	2.92108618850509	2.51264582235383	0.0929993675931632
peak_388	17473088	0.575154044781419	0.210165718780956	3.25816410238275	5.05254115322457	0.0908338521055023
peak_389	17521064	0.43016794818219	0.0585442877337313	9.6884108845961	8.3763298599601	0.0960424421200996
peak_392	17571361	0.488597236198075	0	72832.0535270094	12.4458607868835	0.0876491446778154
peak_393	17721754	0.438628097115043	0	47790.1877472834	NA	0.100695609803045
peak_394	17725284	0.607791995923316	0.445646621722618	2.47375667872436	NA	0.107622223725135
peak_395	17746514	0.617583495466993	0.352924510754718	3.9041327452081	NA	0.200864220174609
peak_396	17751110	0.532741933303845	0.381689941623686	2.16797981388386	NA	0.0644721689298477
peak_402	17818353	0.498983290390925	0	77127.268442814	NA	0.145029548286431
peak_406	18048725	0.747320022581448	0	57732.0020666597	NA	0.17468108925842
peak_408	18161559	0.473550778305882	0.310388572452209	6.55332404952761	NA	0.0554785137371492
peak_410	18180459	0.588719256707918	0	32065.7139983787	NA	0.185413883320101
peak_413	18258338	0.453526096574375	0.00980616840474453	15.6607737441107	11.2052044864805	0.0721895139696564
peak_418	18384249	0.4370110634909	0	153131.947149941	16.9413462595979	0.163841635894193
peak_419	18402372	0.659459581788608	0.547829688468733	5.91047908307609	NA	0.0859197191022044
peak_424	18727759	0.302235719422325	0.103970773927033	4.8086244599309	6.90678140394557	0.0735431202603349
peak_425	18775236	0.305042766144375	0	3371.67740237127	12.6395909095745	0.0793700178789523
peak_429	18825018	0.514078964151949	0.318671038760085	3.14863714065814	NA	0.134562105718067
peak_432	18878589	0.407012481902632	0.156289048804376	4.61106188887874	7.69859390772507	0.103513698712023
peak_434	19237038	0.427276403389065	0.0321484819878913	8.23677700389521	6.40829942972049	0.0420860396885218
peak_435	19341348	0.580620732156514	0.030682539337469	29.5907776003189	NA	0.0775751572001978
peak_440	19906465	0.549650684067861	0.180681145153176	0.558259423045222	0.76251899493006	0.195027396012502
peak_441	19943134	0.409025258211818	0.0609545353145646	5.42103891566691	4.80122929816557	0.10544656761428
peak_442	20059124	0.539303164795209	0.155239922556268	4.84973039228859	5.87304405296084	0.0531485807657698
peak_444	20291234	0.454568416877621	0.0294191813828576	8.02518042402094	6.13810043992594	0.085802820078013
peak_446	20355979	0.622963106593503	0	12.1181611493073	7.35760173330628	0.08666163218817
peak_447	20357565	0.529794224644239	0.0748038961189498	3.8211258866852	3.33493193995587	0.103404758039185
peak_448	20363981	0.467994649861403	0.0437650989120143	7.52163383619801	6.03256947526282	0.052216593046248
peak_451	20419579	0.491805081197975	0.0592787428760646	6.31852948756376	5.31102990635675	0.155596959024397
peak_452	20424895	0.425127162870456	0	12.8009372150003	8.48982785588603	0.156205060784352
peak_455	20547982	0.302808108639415	0.0489093455966857	4.90839618492011	4.45252614956856	0.119822220022935
peak_456	20587905	0.519972309463464	0.207954206573266	2.14420189177107	3.84070148430434	0.11233513600637
peak_457	20616823	0.453001692789599	0	35630.8240742895	12.676706601959	0.0987326579354292
peak_458	20657974	0.491536554601907	0	63592.8759959429	13.607007748207	0.122704338707729
peak_459	20662245	0.578367971547596	0.236823365497106	4.63066327665505	8.68399166855521	0.12744737936697
peak_460	20687283	0.430755961227049	0.0711489728058648	19.3522483926578	NA	0.114556793694146
peak_464	20770940	0.563812515029743	0.0462798920172867	11.0514682178982	8.69557379460923	0.0893269647689874
peak_466	20792013	0.525465454478572	0.180691700517191	4.96269140248766	7.12478204564458	0.10146846283184
peak_467	20794212	0.392019709867918	0	30.46112709313	10.3734564048892	0.0867961312069876
peak_469	20819172	0.534354806379623	0	11.5678149928194	7.43738614777643	0.0854655521072303
peak_472	20847990	0.540374886781941	0	27.5314449129686	8.92369820728989	0.0868441203303153
peak_473	20861503	0.393063746716507	0	84890.1726593089	12.1695566226039	0.126917124977205
peak_474	20862119	0.481832194252604	0	17707.7442142973	10.5411230805448	0.121461720173188
peak_475	20869786	0.532289514945928	0.116644662343653	3.26676151131211	3.34037519470976	0.100621617106749
peak_476	20872895	0.576142771360108	0.140111961211292	6.32638099409934	6.83739333803848	0.151464753260093
peak_478	20909990	0.537811132930888	0.158807185398831	3.59751282181734	4.44714563183794	0.0858606328359983
peak_480	20934369	0.521094662153074	0.148463431690257	2.55458243212527	3.06892609474007	0.149950779074286
peak_482	20946167	0.421055780858096	0.106514658529682	8.90496723525436	9.85420736828926	0.213929165224653
peak_483	20950131	0.432839319821301	0.0845094306994821	3.43376847349128	3.33428663296225	0.105874682319851
peak_484	20961351	0.402158652249726	0	24.7333264510498	9.79323678598748	0.0783585586395883
peak_485	21061467	0.530604471970537	0.121499028168625	1.45168759402047	1.51777883510666	0.0770291926633779
peak_486	21088795	0.402063755883092	0.0806273833236054	3.03516713346885	2.98036037128442	0.0930790957477923
peak_487	21139356	0.656252064522071	0.48025850071565	1.73319642756256	NA	0.177384073080677
peak_489	21296891	0.539933650537391	0.256834876545095	0.32097026127132	0.985618712916676	0.117907608881073
peak_492	21334368	0.497899818938703	0.0354662326263419	5.59580168123443	4.32523335956903	0.0964388768895738
peak_493	21341653	0.293429037747227	0.0930163285153983	0.802071013926434	1.05632711201422	0.0849311886863728
peak_494	21344208	0.397328532313829	0.127381885876576	0.619167071211113	0.82446749048801	0.132545366204311
peak_495	21360825	0.409788360902609	0.0692976923547911	5.55916754192105	5.11834914834494	0.0748783356725827
peak_497	21425905	0.494916340049388	0.226654890088904	3.21209660466845	8.21285370385687	0.153308055087977
peak_503	21701616	0.471194895665787	0.137385499547782	3.43284342416301	4.19988578180597	0.134486562875457
peak_508	21900588	0.685801942906087	0.172565041629098	2.25759738147626	2.49005087200445	0.0857295693816657
peak_513	22089116	0.572072027448133	0.0538141293629731	4.84027174079367	3.8856717914238	0.122028942425316
peak_514	22099397	0.463606162802307	0	58858.6396382335	12.0696883298177	0.153627938720774
peak_516	22154326	0.409468336499329	0.138047565702792	5.09525761657831	7.15204092285065	0.109230873320772
peak_519	22453339	0.27324586872562	0	16.7085575118958	10.3318042432178	0.130539983624404
peak_524	22848782	0.434415313223245	0.0692366296106258	3.45226875789394	3.11867701808762	0.0594436667093444
peak_526	23095942	0.480268536703079	0	64979.21782146	10.6322163524687	0.134309093480642
peak_527	23296105	0.409069109553325	0.10338616585325	3.38841556386449	3.74745138987254	0.123471712871412
peak_528	23318756	0.561020588760939	0.0798606844160904	7.91937757676188	6.92660047156407	0.0988540463176415
peak_530	23360181	0.537059860091362	0.204489478664944	0.385652789552145	0.635299945339928	0.155963386230386
peak_534	23534807	0.423070844948029	0	60837.5361412058	NA	0.167926977647121
peak_587	31158473	NA	NA	NA	NA	NA
peak_588	31171436	NA	NA	NA	NA	NA
peak_602	33386902	0.303723822364844	0.0937944802250543	1.29313150895829	1.66188873954034	0.107039462772143
peak_609	34337509	NA	NA	NA	NA	NA
peak_617	35803568	0.58489897690913	0	75005.3045656355	NA	0.146698758757062
peak_624	36025564	0.699099003988863	0	42903.3530268968	NA	0.198532344737431
peak_633	36597572	0.528554534351364	0.0092231479087905	5.2897653196355	3.76137456183809	0.0754807360597334
peak_641	36763526	0.38639508568164	0.0460836600238986	7.67232236354257	6.43442503873471	0.139038019752502
peak_646	36794597	0.535831627174456	0	916.036927068651	12.1515030637685	0.10994627024001
peak_652	36816402	0.786781300122522	0.712158533117536	16.0501333970047	NA	0.150177258003645
peak_675	37126628	0.470611918412033	0	73449.3447497907	NA	0.117826380005334
peak_683	37217608	0.430097959701817	0.191255526531583	5.76471662200087	13.2957054470107	0.156083037417319
peak_686	37633617	0.677791137817445	0.473514491922242	2.35642477697808	NA	0.108515627970514
peak_689	37806750	0.48042071607699	0.147401290136013	2.15924588853267	2.75877449049993	0.12665428925122
peak_700	38179924	NA	NA	NA	NA	NA
peak_703	38189433	0.662699167396611	0.155117628329154	1.08109928290998	1.1436476987645	0.203992025154413
peak_704	38249585	0.373379494954624	0.0827534061909956	5.16161644491913	5.30747811964366	0.0890861456598521
peak_710	38455885	0.483826173702264	0.0865329457631211	6.56250327473604	6.16087794259311	0.107753908104233
peak_711	38473221	0.559293135930996	0.0795459467634247	7.3337436022498	6.41291090753047	0.058694006721367
peak_733	39205423	0.407747929841261	0.188455595636985	1.34285861846704	3.56508295246058	0.0930076062949953
peak_737	39721018	0.610947198605203	0.153186977028215	2.3927647595103	2.63343165980039	0.184014303011059
peak_739	39899744	NA	NA	NA	NA	NA
peak_774	42067655	0.379271991022037	0.0160500618190167	7.69303401233725	5.68008435544317	0.087037217786894
peak_776	42148658	0.390951019278001	0	21.6976110165861	8.85433577915067	0.124531587118876
peak_777	42151860	0.500885139333854	0.0524469502523293	3.3954708296347	2.77588551139423	0.095766133530238
peak_800	44008088	0.580246092906073	0.279970165951798	1.28541168290801	4.35361783685187	0.204962158582238
peak_813	46669642	0.339600821135719	0.109662374318969	1.92607903810326	2.58319774117533	0.123863139432169
peak_826	47949637	0.554122273430102	0.0679584900670675	0.97575720695179	0.823266169471667	0.0825204245818151
peak_827	47970523	0.481326021013766	0.117437057429019	1.34101210932283	1.45208692066328	0.0754809257775044
peak_828	47992761	0.412330242482518	0	22.8620987201368	10.3893306114167	0.19495764988318
peak_829	48016742	0.371463358747953	0.164053477228542	0.255770758343909	0.577630044450568	0.0763510015426932
peak_830	48019354	0.505792525471352	0.203780465969328	1.0894894353635	1.97882466925209	0.114829361071458
peak_831	48034036	0.489863635945985	0.0943963707215131	3.51000152865057	3.39020317344708	0.0867822247870911
peak_833	48062768	0.454030013372813	0.110258067988289	0.943377843690831	1.01873879140502	0.105823201904892
peak_834	48064091	0.580738279937735	0.177893598540933	1.21878589219273	1.55494568041701	0.138973533446768
peak_836	48071795	0.493362890097988	0.0811372120707264	1.41970307861015	1.29524130684787	0.0823928665566041
peak_839	48124603	0.434457392285744	0	29.5556603878016	12.9047183860726	0.127869436880858
peak_844	48143449	0.408861097300626	0.050702353574138	3.60627938458644	3.05015587144609	0.154742546253543
peak_847	48184744	0.394534579034864	0.127181524643555	11.6569125117843	15.6068617629097	0.167471415934436
peak_851	48207934	0.476288730239944	0.342139505900595	0.398346419945114	NA	0.0949152447520184
peak_852	48222737	0.399279576404978	0	10.2684780003967	7.03681517149458	0.0994420502767397
peak_853	48234189	0.525615885973274	0.0206180510459175	8.0834529876554	5.93998029842609	0.140890728121987
peak_854	48255962	0.519705619976697	0.322558415678422	3.94403065588039	NA	0.0622308100318404
peak_855	48278018	0.406079167207565	0	36954.3859326054	NA	0.17809749297217
peak_856	48284405	0.553065814716534	0.236137929754781	2.24907223298975	4.63301861826496	0.0673294234881749
peak_859	48305202	0.433451992600848	0.182458750564019	1.83719519256343	3.65828930103946	0.131271251114954
peak_861	48314316	0.450420994771503	0.122969699701857	4.28429918274433	4.98696081092313	0.0920316453026919
peak_863	48340568	0.486807855712186	0	26123.1429722052	12.9975873183491	0.14966965159073
peak_864	48343091	0.542392894360616	0.0238045120026759	16.813265155676	12.4441130720958	0.163590649322851
peak_868	48383598	0.552440399702472	0.230593264752896	1.04699271849791	2.04538243574534	0.0970372012090066
peak_874	48433067	0.457345972138243	0.0831318617472688	2.48085794196708	2.34284640855251	0.0974592482421224
peak_875	48453193	0.46186834464367	0.162896534575222	0.919896516093721	1.3617119947088	0.164562925603374
peak_876	48462347	0.500392732515382	0.0906056818937024	4.38002021456202	4.13046997047156	0.096700286508644
peak_879	48513047	0.393490869788799	0.0904460014638811	1.95962639453206	2.05294560512721	0.0648268349463215
peak_880	48518269	0.429155213373416	0.0203784690963085	6.01264555866124	4.47512210694383	0.0656439265285885
peak_883	48593847	0.377379699263245	0.0599929754946152	2.65683165229167	2.39821872209021	0.100676520575776
peak_884	48595850	0.488093757079097	0.0916258315395562	2.65044490664319	2.53368858485672	0.0778980673390958
peak_885	48607595	0.697889473847032	0.131776451556785	1.63670907747658	1.5681656370514	0.179634437352465
peak_886	48608737	0.537310454412058	0.138278477165607	1.06643304516763	1.19292610341577	0.120068332730005
peak_887	48623169	0.54533937870729	0.109265586986937	2.24438860598765	2.20305861107844	0.106751649193429
peak_889	48694493	0.529011852035002	0.0297967343256543	5.98537466524127	4.51710141733347	0.049321144843661
peak_891	48709670	0.739773721872834	0.362407834585152	2.63917905603247	10.3485183123743	0.175493351387149
peak_892	48712563	0.622698592630417	0.320047813973855	0.356176694432982	NA	0.091175481970805
peak_901	49124887	0.489784736678914	0.12401609148016	1.54236508694517	1.70775829257287	0.168666913621407
peak_902	49250864	0.683287791559556	0.183955543620191	4.87827664268606	5.62295079794951	0.149467682666342
peak_903	49287736	0.453577681059442	0.0382327091858035	3.96967249663576	3.13490471890632	0.057042914073417
peak_908	49480347	0.619775025135411	0.10450965149939	1.07114522593374	0.985272101608563	0.129664488153893
peak_910	49745067	0.429352983531809	0.0855409002755169	3.04302306296857	2.9798264404624	0.0754029295160215
peak_918	50456024	0.494515859412825	0.154222256268342	0.54057844696323	0.701036065418906	0.123725213239794
peak_919	50457197	0.298869068239982	0.0868423990373069	0.539311048816186	0.657998543111468	0.111530285619686
peak_922	50549662	0.478475064842481	0.127462831564511	7.59477248353046	8.69097027120513	0.185889829907513
peak_923	50560609	0.500343299742657	0.318443058062205	3.97442551190035	NA	0.11675828185215
peak_924	50566332	0.668643474982502	0.607109889758652	0.38598195873901	NA	0.0540047194587304
peak_925	50569225	0.44585275883132	0.388159314013894	0.956623156859132	NA	0.142252035314047
peak_927	50576922	NA	NA	NA	NA	NA
peak_928	50580077	NA	NA	NA	NA	NA
peak_932	50597216	NA	NA	NA	NA	NA
peak_934	50599547	NA	NA	NA	NA	NA
peak_936	50604851	NA	NA	NA	NA	NA
peak_937	50607565	NA	NA	NA	NA	NA
peak_938	50611374	NA	NA	NA	NA	NA
peak_942	50619803	NA	NA	NA	NA	NA
peak_943	50622830	0.555416176130684	0	49455.8045665386	NA	0.111612715649546
peak_945	50632289	0.3888483485645	0.120888818223782	1.05957378381775	1.37010268859786	0.138858838424141
peak_947	50635048	0.491560498945202	0.113610197885246	0.794028763125376	0.834264856752156	0.066417862065221
peak_948	50657897	0.381704529043459	0.117512240996103	10.0566269196281	12.8882785862285	0.129002331258915
peak_950	50840922	0.523369443514954	0.130798066827545	0.758220197269179	0.832818944708567	0.0923078387655809
peak_960	51614594	0.491083611684979	0.0896197574733028	1.24687655709516	1.17924760609935	0.143018308645588
peak_961	51679663	0.630627303444462	0.348145920492533	2.73530735606346	NA	0.232521522784383
peak_963	51684413	0.484345072034522	0.0754828679892566	1.26371502986715	1.13386121030403	0.150615520369725
peak_966	51897089	0.4298689847123	0.0077910032743583	6.74543681839606	4.80125588867699	0.156050145206332
peak_967	51937785	0.240065487638926	0.0675074142022268	0.712123075543529	0.847026471241092	0.0800448006124526
peak_969	52163477	0.489952267564007	0.112651637628126	2.99741026425073	3.14064177289047	0.104188577403836
peak_972	52189008	0.557439567086208	0.14057610430836	1.63492948765571	1.80572148655595	0.117132218108127
peak_975	52199807	0.548936781403884	0.103370784719834	0.679748310123153	0.650594712483911	0.0979370979043632
peak_977	52277684	0.477699687956053	0.0939656789552669	1.02122572342265	0.99468924083807	0.165215720962739
peak_980	52348634	0.466687595006698	0.0757046122763353	1.89080002329032	1.71751813327035	0.103287098951002
peak_981	52350509	0.40648566813199	0.090199096541044	0.175282168614243	0.180343243721934	0.103564681277369
peak_984	52603264	0.549721788314774	0.0590785329131493	0.942715383800997	0.774390708238738	0.0887383093845432
peak_987	52613092	0.461258028936712	0.0712189604651697	2.71221086855441	2.42679697549567	0.0729843673343769
peak_990	52644493	0.575844233361446	0.11486484001468	2.11706527058273	2.07415388903585	0.183963940746296
peak_993	52717426	0.496785579958745	0.196448870791844	8.891293588849	15.6019045085507	0.188962393371425
peak_994	52743883	0.392512625496916	0.0727411414204468	1.23015497251591	1.17017585769727	0.0968739183379766
peak_995	52746897	0.51311223632007	0.0922023827688605	0.281827676277048	0.265030086744904	0.161244581887469
peak_996	52753377	0.441773910173075	0.103731669220776	0.909875757479714	0.964168568451166	0.0877680434829182
peak_997	52760548	0.514569410735171	0.0945046949670592	0.939356768555888	0.890518788012625	0.147788074602979
peak_998	52762400	0.36718662248256	0.0699449365329152	0.431875559923097	0.41522084727779	0.0818718002358344
peak_999	52775685	0.368418380277281	0.216042486348321	0.627745984646782	NA	0.066794133483268
peak_1001	52790730	0.509847575472525	0.0397929326098382	4.31265703665351	3.3707834260639	0.0878087373566673
peak_1002	52792981	0.460298029422212	0.0755693190229794	2.29473474944583	2.09240487619536	0.150170723581132
peak_1007	52909986	0.550064621073928	0.175691718064287	0.802631865115195	1.06485016546588	0.123204621000756
peak_1008	52911834	0.56527236892108	0.171461994265244	1.17163422445352	1.48184929259733	0.13687966676959
peak_1009	52961467	0.453286098263528	0.106635200627836	1.42405640972343	1.51058360091956	0.11732755791558
peak_1010	52987680	0.45281617377784	0	8.92647395135683	5.91479722700139	0.0747931132722068
peak_1012	53024147	0.712903564473393	0.377555309438982	16.9915252974706	NA	0.118198286890032
peak_1019	53268572	0.518048258884433	0.139124991865358	0.726082971656381	0.835491225876968	0.0787405705090268
peak_1020	53369552	0.452974991037777	0.0686275705848591	4.14137096316936	3.68515254984036	0.0889743228561658
peak_1021	53465356	0.676783922926213	0.317570391269448	3.03097957905271	8.63201018442378	0.155849084214305
peak_1023	53643086	0.536760518671039	0.11377998184153	0.70493574225408	0.709506006117238	0.131133880348609
peak_1025	53670026	0.363060925529877	0.0471788290321831	3.57652624691334	3.05760281897665	0.121098296773816
peak_1027	53716374	0.425038617618493	0.077030098360944	6.38649730181809	6.0246061169633	0.137669509530504
peak_1028	53724738	NA	NA	NA	NA	NA
peak_1031	53774380	0.503231768104468	0.197028957447918	0.578334724530079	0.997311193993752	0.0772781338116912
peak_1032	53776031	0.345905653875097	0	8.26221251683864	4.87746639160155	0.0957262004563223
peak_1035	53974534	0.408549318195138	0.101556398466478	5.23004367599961	5.7260337062028	0.081277187391743
peak_1042	55680999	0.423356213016539	0.195419629063351	2.34622923893529	6.19510800459343	0.105973780406288
peak_1043	56240347	NA	NA	NA	NA	NA
peak_1046	56374199	0.481138901664941	0.0768436321133484	4.99832864376346	4.51825059655887	0.113384015444445
peak_1047	56427491	0.479361726752235	0	66.3395719062628	11.2208906204604	0.128738438595321
peak_1048	56454439	0.449189482380478	0.0218606922960392	6.53171650553276	4.87043124476662	0.0688075145068513
peak_1051	56609416	0.421762070312696	0.0527234268540121	10.6228261972645	9.00081949979418	0.0892184968343239
peak_1054	56706025	0.513942529076146	0.0569565336215912	2.4229817142631	2.00201705689644	0.140245627262226
peak_1055	56729459	0.564247817081994	0.141701153349207	0.908164689155304	1.00047266866069	0.134847525778751
peak_1056	56730991	0.629715826970018	0.0797555800545416	1.53597307853918	1.30530850043226	0.160624558768897
peak_1060	56821910	0.410639318269617	0.0685827466388291	1.63245351773461	1.49682504270057	0.0872891978119575
peak_1061	56830054	0.389327952394302	0.0901318117105428	0.407973313346427	0.429026584049376	0.140249263557265
peak_1063	57052801	0.425454154488777	0.143823717361573	6.43312794607912	9.05714141488999	0.095124260578191
peak_1065	57197987	0.51089848029468	0.104795552594021	0.932263159752103	0.924453499043473	0.0761749702430262
peak_1066	57260784	0.453772671065141	0.160058426983826	0.891793459412815	1.32028822189222	0.20367755241964
peak_1067	57325983	0.492072566751543	0.0303356858974014	8.00905835264006	6.09572541569105	0.101491843933266
peak_1068	57359256	0.45181960814165	0.104942803222647	0.434613120794543	0.457844017743574	0.15825397906602
peak_1070	57392336	0.513454334037515	0.048933986322041	4.6199135349465	3.71654535090948	0.113581207944246
peak_1073	57521256	0.387777246345074	0.108683483278169	3.48436638811245	4.134152057841	0.136758017045684
peak_1076	57674899	0.653315273477822	0.286839523024923	0.0417595387346383	0.092689907591124	0.175299710507868
peak_1083	58013410	0.512639369034132	0.175355144879758	1.07898950165361	1.53962597398679	0.16101744235322
peak_1084	58015412	0.422514305830059	0	8.38773494905525	5.63760653560783	0.0921346824011144
peak_1085	58018601	0.478269109203855	0.0797868797144264	3.92007420360913	3.59303987362393	0.152312042536103
peak_1088	58029881	0.40925652461504	0	29.8160782289443	9.75501341003107	0.0832649915691542
peak_1089	58037719	0.454424424159399	0.110755499866545	2.97853529327803	3.22324916042248	0.116964044546973
peak_1090	58041913	0.778209568728692	0.195945464167794	17.5404622043358	NA	0.0891031438426818
peak_1093	58098621	0.449633554824887	0.0606338005367297	1.7004218468172	1.46677911271511	0.168072274166695
peak_1095	58150899	0.534614107461368	0.151740761520194	1.12434185416027	1.34680404482536	0.113048630121666
peak_1097	58157402	0.534987956665189	0.0928266622439273	0.478924379951446	0.444820951337584	0.0985232441205097
peak_1102	58620605	0.486864488636397	0.159743161273458	6.11769617731976	8.339781654335	0.136336775198565
peak_1105	59133452	0.562294919701023	0.0753832229439022	3.70020935796943	3.18718181872842	0.105531470537097
peak_1108	59493148	0.54883130026081	0.152013320628464	1.27631986261174	1.50116183759589	0.151821983666289
peak_1110	59556610	0.468614982710209	0.128578415601117	0.945464815527871	1.10446668647052	0.1110394719128
peak_1117	60147293	0.469924107513745	0.030730267499476	11.7585919413087	9.00338109969449	0.125458950991757
peak_1118	60168609	0.536767863068061	0.0710941716997168	3.11938121026369	2.67896091028373	0.0838791752398383
peak_1120	60177642	0.47428093647927	0.0831609711932415	1.62740465732319	1.51705827626991	0.10206936678315
peak_1122	60182581	0.56720950435367	0.133840142361502	1.36202048232044	1.44718163124708	0.0790940187857902
peak_1126	60255291	0.507460297580497	0.0855267524783488	1.30984171056439	1.20462721617656	0.0955145636961183
peak_1127	60403018	0.489742649972333	0.0411663285453373	5.80198860251921	4.58012453392192	0.0377580363932398
peak_1128	60546905	0.472707087557306	0.152645657016214	1.64375639354093	2.20457278599448	0.110322326968129
peak_1130	60717743	0.297202623099859	0.0419935869447489	6.46793752194065	5.64603720928648	0.0886159181199843
peak_1131	60772306	0.441392198494766	0.133991908899091	0.499161944322974	0.631763595531463	0.120668572105044
peak_1135	60891879	0.431183130540963	0.0799960063606753	3.49085819182913	3.32204927920714	0.109744900565804
peak_1144	61569126	0.429987228801458	0.166456619515024	0.384325904241632	0.650219181967162	0.159348696204983
peak_1147	61709228	0.428082413987392	0.124480104471568	1.49980819548204	1.83096217127696	0.10136786833379
peak_1149	61722014	0.474090620259557	0.0930357098192338	2.12203289993338	2.06487280413219	0.0680354894306565
peak_1150	61727336	0.293219086061131	0	10.0757051843479	5.74554760603615	0.10037416172839
peak_1151	61814685	NA	NA	NA	NA	NA
peak_1156	62280734	0.554518919643149	0.0412274684537742	3.81905053311403	2.96693046765204	0.0911030617543581
peak_1177	64275546	0.400336854336047	0	80297.407929999	10.0439385198173	0.197702054853155
peak_1185	64935337	NA	NA	NA	NA	NA
peak_1187	64978822	0.384908657962686	0.124965014594116	1.29550849568135	1.74698746897324	0.103105841763439
peak_1188	65023886	0.465131581841333	0.101875397111807	2.99935384249738	3.06617107338872	0.16628139036626
peak_1190	65153135	0.611630357367594	0.299715749675943	6.33255335884676	NA	0.0965062104359684
peak_1194	65778528	0.437844277911495	0	72502.9726429916	NA	0.187832223382741
peak_1204	66770502	0.421459228651184	0.00741001090118915	6.44498546002537	4.583710448025	0.0922290488546326
peak_1205	66875982	0.421241656060715	0	46596.1026874991	9.723097291668	0.136960391290738
peak_1216	68491929	NA	NA	NA	NA	NA
peak_1217	68511675	0.304382558682897	0.05644671477262	2.71284042939367	2.58123012080427	0.0378821525810968
peak_1220	68677795	0.512012283729133	0	12.9233087429547	8.64578973831092	0.057233241127251
peak_1221	68739860	0.450414242517198	0.112284618299983	1.96114822635201	2.15084530252941	0.105238404378832
peak_1222	68761647	0.68763325854969	0.412450002623078	3.47546785151549	NA	0.119222600726528
peak_1224	68893086	0.4439288576654	0.100843947519466	0.786993140479835	0.819411122815718	0.118264418745404
peak_1227	69147055	0.498659282392561	0	16.2102586575476	11.0915366407712	0.212208623233575
peak_1228	69246638	0.668164146071396	0.357095578688769	2.99616834171388	NA	0.239242259786431
peak_1229	69359853	0.703209701328791	0.344163789004163	4.72043345873665	NA	0.202493350416299
peak_1240	70327594	0.470100544691385	0.108108351883392	2.6740830280377	2.80215283864054	0.135207673494278
peak_1241	70330424	0.490381233860493	0.231197219284236	1.07534592234924	3.13888384987264	0.132553418081525
peak_1242	70364752	0.469827050761396	0.0504378903778989	6.01394952393167	4.93914775588241	0.0753526706354648
peak_1244	70374577	0.497496801815259	0	55460.0372829382	9.33566304502489	0.213916490343643
peak_1245	70385114	0.589149212245355	0.0669903945663559	2.64582989801143	2.19723330026032	0.130822660438887
peak_1247	70476742	0.454577850131148	0.00429869508074346	5.39523640603196	3.79144722459402	0.0574710903142307
peak_1256	70712489	0.290177976058969	0.0597778062427997	1.31400848891047	1.3054833755405	0.037428298384269
peak_1260	71131674	0.393413721409544	0.0600573935103431	3.80461113717507	3.39292542127375	0.155926696159859
peak_1261	71214365	0.406620205525659	0.0291073413451961	4.67711228022644	3.61720721390367	0.0696967104636085
peak_1267	71425897	0.507560252279966	0.0815943529563751	4.25034198400799	3.84989739079769	0.153323688409639
peak_1268	71492414	0.515479945367267	0.125487311831231	1.68255175701682	1.81953445398644	0.123396449389145
peak_1269	71555371	0.444861758249709	0.0981897814235911	2.3148029231076	2.37534660973577	0.0968556787332042
peak_1270	71559230	0.37952842458686	0.0753345827524245	1.74038213916571	1.70158047760781	0.0888575599806897
peak_1271	71570641	0.480983933699991	0.113155656350294	1.01097693589959	1.07242865443192	0.154178257033975
peak_1272	71601279	0.485480248289768	0.125076065046113	6.08049093796179	6.80645610735657	0.163509025813921
peak_1275	71664220	0.512978730353385	0.140318621173524	2.25869539309839	2.6327482898869	0.0925060685707099
peak_1276	71670138	0.447334450987808	0.0743429352054379	0.911655173753421	0.834561316253657	0.0998635638207848
peak_1277	71700576	0.380511095506895	0.0387226265459054	1.82794026781218	1.48682674568607	0.105371870491896
peak_1278	71812107	0.344243950741974	0.0864214590917306	0.652418937317887	0.718582360678164	0.0876869403058985
peak_1279	71816066	0.498146290774244	0.0240527590344351	5.48206124285701	4.08530671735289	0.096277957239955
peak_1281	71961995	0.509710613718875	0.0641385527096503	2.64954699804698	2.24832509496057	0.0423282078742762
peak_1286	72240667	0.52783396534114	0.231476256556363	2.22087628690642	4.91291722578354	0.139333313506332
peak_1288	72274348	0.476413500023267	0.108542784339797	2.37309043340509	2.47462390478202	0.105836460588497
peak_1298	72824885	0.487459158913656	0.0617856413529455	2.82859556308689	2.40423283932739	0.0656500855618141
peak_1301	72986822	0.555884644923503	0.0730693926520113	2.88865470547213	2.47628234083319	0.185384401800719
peak_1302	72992269	0.537597368459599	0.230608363454687	0.767111553700916	1.59883678467568	0.105553498412886
peak_1303	73007717	0.457783054669485	0.00119950103209168	11.5868164779366	8.06184921725123	0.0813133761385558
peak_1304	73032229	0.512384326777393	0.0170421815905481	6.20615933893939	4.51906353040765	0.201509153958451
peak_1305	73038781	0.402677650541431	0.136845607352577	2.70861944145353	3.83623023702406	0.161037542723353
peak_1306	73039463	0.367331609671854	0.0364281164958972	1.7065423507492	1.38192141252369	0.0772180220304217
peak_1308	73053801	0.449000361496241	0.0772892023288935	7.61511745319936	7.05350492957947	0.112124868193632
peak_1310	73097023	0.508565663901047	0.24070790520627	1.31446714772362	3.92004549013075	0.206965765035517
peak_1315	73227910	0.525167412788927	0.0806192532679301	4.1995566807238	3.75124156997955	0.0657976609066624
peak_1321	73401043	0.536499701759237	0.148461326181777	2.87797339670206	3.38270185757639	0.104054225896019
peak_1322	73411081	0.576024431239191	0.210906443975944	1.11932403402966	1.74059635146813	0.136193880322301
peak_1323	73422015	0.499001321053827	0.189276774764044	4.90125763121356	8.02636956049675	0.142975528035535
peak_1325	73452109	0.509839846906763	0.093698248784789	2.55533273531494	2.42308226429965	0.124427962667333
peak_1326	73458723	0.503007094180644	0	10.7403661245681	6.14245675205469	0.0540770021497074
peak_1329	73560613	0.618121130874434	0.157877781841017	2.99599415581798	3.33533776200874	0.188210520822826
peak_1330	73593281	0.405797677368394	0.137435824126546	0.935544100222621	1.31991328121786	0.1202031726183
peak_1335	73637310	0.471255364796443	0.078110197109396	6.31678196645048	5.77759697990315	0.0696832907250097
peak_1337	73644925	0.619787146585075	0.0303297091950423	9.33150146078857	6.96103652694324	0.184274487373846
peak_1338	73654010	0.616473760211644	0	63.7591921116476	9.34617944488875	0.0937911388842317
peak_1343	73679157	0.439198109345564	0.169234089271364	4.61180365758657	7.74318554515283	0.134401994614668
peak_1345	73684280	0.646581319842901	0.201784036220736	2.82095546541106	3.66061246081671	0.0671335777127024
peak_1346	73685452	0.492379793060697	0.138145692979377	10.0656460242211	11.9521248289255	0.200686590214575
peak_1348	73715418	0.493158783068726	0.0236127847724505	10.5909384583858	7.88754054023661	0.0440760688734371
peak_1351	73739052	0.501481623625855	0.0315649880071759	6.81518074055856	5.1978092155099	0.074360695792668
peak_1352	73745033	0.409406460350786	0.0496851518077407	2.76139363253756	2.32450759226645	0.136926510923839
peak_1357	73786137	0.522902711232332	0	58.4776504501699	10.3193862459935	0.105029031808874
peak_1358	73791850	0.406974255151717	0.0633608005781765	4.47254419662414	4.01175136582539	0.162671812580131
peak_1360	73797568	0.408438833792882	0	30.9625672942092	12.6802391992927	0.107151806870415
peak_1363	73816837	0.437430078692211	0.0671668648300318	5.86037735907721	5.23513711834378	0.106031282874941
peak_1364	73823351	0.470537504725949	0.244059872416596	0.772009892012151	NA	0.0705526889587904
peak_1365	73869470	0.459797073800011	0	44.1076520975543	10.2846223606142	0.0945001122368523
peak_1366	73880216	0.515477744158577	0.226509335771208	1.207398725355	2.68640547057766	0.202849161125993
peak_1367	73910705	0.436091434402055	0.110584720954501	2.93829561435827	3.2563811890973	0.203306776414619
peak_1368	73914535	0.593200215194426	0.175403027406102	7.41126852276495	9.17202388074178	0.0712228417400968
peak_1369	73921300	0.449160763975718	0	9.67401482381494	6.55677158463279	0.050376467895204
peak_1371	73930392	0.453029380521021	0.041164259576767	5.47770099846947	4.37365757827657	0.0723242232609244
peak_1373	73948662	0.474572259067372	0	139539.685612327	11.8791886132664	0.169024494386316
peak_1377	73965790	0.469422887619512	0	12.1952175215626	8.37125673569878	0.0497092734526967
peak_1379	73998828	0.419897094983288	0.0645187662899807	9.18050232079828	8.20268307042225	0.0693474163938035
peak_1381	74007933	0.50518180401909	0.166056038658618	6.20484593547026	8.47472532692186	0.105807996842756
peak_1382	74022994	0.494463049127002	0.124432230892494	2.86240844481882	3.15733678727496	0.107127488421178
peak_1385	74084690	0.501118165878107	0.0860520099771311	5.13969471591099	4.75670704044517	0.0524838602532735
peak_1387	74244458	0.39107206014769	0	11.6174226033101	5.89064177970232	0.20099768327088
peak_1388	74245587	0.48529140029773	0.05440758867569	3.88428251364218	3.21669384303872	0.0584524468560969
peak_1391	74254135	0.477382824859476	0.0678179579704292	5.82361466784867	5.09084114760843	0.0562751153886883
peak_1392	74269715	0.460364735431552	0	12.5275913490339	7.08778686880166	0.0367765242352857
peak_1393	74272854	0.458902812830513	0.00986807060278128	8.21412990176053	5.87612928696472	0.0909749206329528
peak_1394	74281368	0.42897372325124	0.0144298719691966	7.04188353023016	5.13055077094532	0.0515621824316349
peak_1395	74296512	0.48062787280068	0.0219196414300347	6.25687433899892	4.64330293626833	0.0521624532859536
peak_1396	74299107	0.519130683415276	0.00913979425213653	4.30998081499311	3.0653928294887	0.157613561199694
peak_1397	74304636	0.430865236014993	0.0286042386023043	7.8012569393817	5.98286731867543	0.144316359450775
peak_1398	74312613	0.455920147843865	0.0607705953954011	8.56089131672971	7.36353540088232	0.0867411046753174
peak_1399	74328340	0.512733970522311	0.0289193674116665	4.06735459756242	3.06996531078241	0.0569857966391962
peak_1403	74368079	0.518245257094408	0.0809711656027432	1.10789731068692	0.994809918304258	0.0709739630776833
peak_1404	74372895	0.505549237804801	0.0483624270015638	2.92296984852608	2.35285504359125	0.0894393934240546
peak_1405	74392730	0.491004586688962	0.0259273135791625	5.64913672720812	4.23973249148098	0.0293433189230388
peak_1407	74428448	0.54226973603933	0.0256714352234421	4.50606279266805	3.35304065443853	0.103800570747111
peak_1408	74452724	0.655676769032241	0	25.360604585407	10.2620449763846	0.153147246579549
peak_1409	74517364	0.444949899890975	0.0147234860433056	5.06955192273514	3.69047732180842	0.0574515834478012
peak_1413	74640668	NA	NA	NA	NA	NA
peak_1415	75084403	0.540953035052279	0.0575868221657199	6.27818680033976	5.1481156980994	0.133875725326582
peak_1416	75095317	0.555464618903744	0	12.5356525629509	6.23412131857635	0.0755447661631626
peak_1417	75103213	0.373307743684739	0	7.53413538690653	5.21191654571397	0.0671717556314693
peak_1422	75110596	0.380843724626423	0.00259211733500639	11.1156259541602	7.78120117746112	0.159536755792219
peak_1424	75130455	0.43301078065307	0	37.445833112492	8.29361017084132	0.112224921285019
peak_1425	75143087	0.597973287249012	0.185040487388166	6.51287601517644	8.38571111593637	0.136315298587364
peak_1427	75189460	0.599234086668306	0.140934635853757	2.36940428308792	2.51303289293834	0.0995120786603626
peak_1429	75231371	0.526593885115472	0.13008929855373	0.950582425620515	1.03687483883846	0.116544822815782
peak_1434	75416052	0.530214126653713	0	11.54025462646	7.08968939885245	0.0939922481505701
peak_1435	75475209	NA	NA	NA	NA	NA
peak_1437	75513943	0.446717327196911	0	37.300526183331	10.9766942465825	0.069991451337695
peak_1440	75673267	0.46137320861755	0	22.6357383647107	12.3445376524048	0.0423323635422468
peak_1441	75723614	NA	NA	NA	NA	NA
peak_1442	75728399	0.62888395694054	0.402754662538096	6.76807196337906	NA	0.0924008749376492
peak_1444	75733420	NA	NA	NA	NA	NA
peak_1445	75738451	NA	NA	NA	NA	NA
peak_1448	75749144	NA	NA	NA	NA	NA
peak_1450	75753847	NA	NA	NA	NA	NA
peak_1451	75757753	0.437571404186655	0.228180603953239	10.7045137360987	NA	0.0956200387131894
peak_1453	75770293	0.637854647588145	0.136374405470449	0.750564706790419	0.758463735813621	0.0954443301781658
peak_1454	75775645	0.411657190559503	0.110669367191787	0.96775235272159	1.11438448240909	0.139671046293664
peak_1455	75829146	0.603985850435134	0.108034807180345	2.13454116553314	2.00398188980005	0.0925016749528677
peak_1456	75873406	0.329879412322734	0	20.7807523973396	9.30615547396621	0.0999869983435212
peak_1457	75882747	0.408873685858814	0.114937688680696	0.615791966784303	0.732258469687401	0.147416705848205
peak_1459	75966042	0.554344319497995	0.173918837663145	2.20921053521314	2.88104230373433	0.0534260844622087
peak_1460	76174668	0.593019534971511	0.218309840793584	0.511899223956608	0.802086123747012	0.0827773252976416
peak_1461	76201338	0.44018885750248	0	11.9220308716021	7.48028544413842	0.175527039508097
peak_1478	77432954	NA	NA	NA	NA	NA
peak_1481	77508811	0.450701193576063	0.117714725914878	2.9289200226743	3.30776963851244	0.095622295164255
peak_1482	77525134	0.609738664268938	0.136338513852954	1.00389013033262	1.03684019761748	0.106407012294222
peak_1483	77567568	0.443602912193861	0.0970730060781536	0.638021259477398	0.651949359066226	0.0755481009659671
peak_1486	77718031	0.470881709380852	0.108003468208754	0.418884210189714	0.438338113061972	0.0847271118480583
peak_1488	77723274	0.488163307567302	0.137434065594786	1.04339195417155	1.24214216276206	0.127978596129512
peak_1489	77795091	0.467545919188448	0.0916499638304045	4.32091333843957	4.20260474611242	0.0674165647094287
peak_1490	77810629	0.367556002916229	0.0415376705950357	2.77722104885762	2.30352577383461	0.082756145401523
peak_1492	77931351	0.436049845856303	0	21103.3079635984	14.545611195793	0.219951998309795
peak_1493	77957487	0.534432778194112	0.32508464718727	0.763937210005592	NA	0.0825266189963656
peak_1495	77980805	0.504949485588836	0.119455779301327	3.43001006657301	3.64964447073633	0.181563932448757
peak_1496	78167904	0.278545557628196	0.0943113602309517	0.811643921585983	1.1447450243782	0.0843295201127443
peak_1499	78403104	0.236154931485333	0.0824159167057822	0.436032397210291	0.637123302843469	0.0583287510256298
peak_1500	78583255	0.460348574751868	0.087039645578352	3.24344562016747	3.10923367907661	0.0879584210945842
peak_1502	78950568	0.47779381544035	0	28555.9752499082	12.8560770538217	0.129759155319474
peak_1503	79108341	0.396420648450062	0.118270071005627	0.840655785186196	1.0481994844387	0.140764825833634
peak_1504	79316857	0.64867377713802	0.249875497736604	1.13534186748921	1.90530231173432	0.233480518135175
peak_1505	79517066	0.439888783485658	0.116371170910493	1.60435396623157	1.82731865124584	0.0790349963717236
peak_1508	79635307	0.557681632359037	0.388299613027115	0.979081915421805	NA	0.152881155701157
peak_1510	79671126	0.713721274265491	0.0370455679644841	10.9659128510143	8.21839485968125	0.0807022867678534
peak_1513	79758279	0.521353652001462	0.207946027151533	2.72614984556942	4.85883038013354	0.0636082050345579
peak_1524	80639273	0.542130565362747	0.113347671730087	5.40236806035976	5.40314899368105	0.11320068821906
peak_1525	80754653	0.587678584181958	0	65014.5521518822	13.7172075049617	0.194744621845964
peak_1526	80876036	0.622141972963271	0.122056297394713	3.78237946138246	3.68008388474191	0.100027400232537
peak_1527	80887902	0.503540142713847	0.133895877866006	0.919288356842246	1.05067598862706	0.106199859971007
peak_1530	81070021	0.480635400710408	0.0406731724182556	6.7548818392011	5.33737294914432	0.0871635749600319
peak_1533	81147936	0.513223762129995	0	16.5998262797834	8.19894942603715	0.0721182057482297
peak_1537	81698768	0.345621577047118	0.160060359830848	0.716277408922059	1.91806193216275	0.116991135385071
peak_1538	81802180	0.404622334420045	0	12.6166261169707	6.56706118907473	0.184711689209592
peak_1542	82249064	0.272021688779766	0.043840775810289	4.09334965681674	3.71063517741482	0.110159305052798
peak_1543	82282459	0.453834537193793	0.0325770834476058	5.37114557115293	4.15530094421271	0.106152490574373
peak_1544	82288142	0.435827144527599	0	17.6710067655384	11.7180099592348	0.149047982886866
peak_1547	82741623	0.432598944627374	0.0688973838202224	1.20308133509901	1.08658636176158	0.0688339003137237
peak_1548	82809131	0.333821255347537	0.0561477536456196	3.36891522330234	3.09621609963864	0.103023109402588
peak_1549	82865473	0.403742703970317	0.0792072590860504	0.47025444038264	0.457531749726905	0.10225804472134
peak_1552	82896539	0.504398623718647	0.128452017766939	0.591503981069097	0.657282531790789	0.151222943499653
peak_1558	83524610	0.41146356746491	0.05766900637059	2.85852425790537	2.49000346376208	0.1503062927726
peak_1561	84001366	0.462076840563327	0	24430.5997411825	NA	0.215377934842101
peak_1565	84442824	0.471459196867355	0.114499209084836	1.3323578165369	1.43885439865169	0.0397218213895117
peak_1566	84454648	0.427022924217283	0	18311.4586127493	12.2137284382556	0.150217117328576
peak_1569	85047985	0.415497369635568	0.106958427467372	4.22528612789489	4.72727702809016	0.104993511021154
peak_1570	85053714	0.445793945686815	0.0751778225285729	1.2461539950613	1.14627971265947	0.118530892662493
peak_1573	85076774	0.348201774009185	0.089757815480905	1.09035621253657	1.22096585032576	0.104733268661362
peak_1575	85079925	0.514255794223069	0.0992853821696415	0.265839664785158	0.256963125880611	0.106831196893083
peak_1577	85132809	0.433241428622485	0.0492655267001423	1.36336332414211	1.1322205732367	0.0622101536906389
peak_1579	85249903	0.434476656798904	0.0597856279078401	0.814514270844149	0.706164865788326	0.0809070096742648
peak_1583	85573366	0.482777640264009	0.0458539663408427	5.03980641861993	4.05210453594125	0.0834726835948625
peak_1586	85646352	0.527333716593934	0.0666729824512238	5.6765601911863	4.82217655440045	0.186000167783606
peak_1587	85676927	0.405740799786599	0	33320.0484056078	10.2659302505323	0.179689455161251
peak_1588	85716641	0.362259339263592	0.154227712473026	0.484597470755488	0.991239803446594	0.152394385471362
peak_1589	85739471	0.624354329652685	0.0839178665115585	0.907282730536337	0.781982287634253	0.132661862345949
peak_1591	85775897	0.537460918761766	0.114439451868557	0.861875833089664	0.869272838032272	0.109110791617148
peak_1595	85919037	0.438726711191267	0.2020535220041	10.2294380825906	NA	0.104153136920492
peak_1596	86016421	0.546949820476576	0.0875071360784782	2.21303339296335	2.00155768749606	0.0852451779514387
peak_1599	86180913	0.57401591575449	0.197053558551221	0.465567420487955	0.667084771058343	0.0678035782607233
peak_1601	86191518	0.476960817133638	0.126875278847474	0.61017265670251	0.697555791377798	0.0808589934852893
peak_1603	86374221	0.506330545805779	0.23458672636264	0.572449117116713	1.53579641846234	0.171830360170919
peak_1604	86728823	0.533908127691023	0.113318474504358	2.67477878425586	2.69370061746657	0.153745389448272
peak_1609	87253927	0.468325416457582	0.0946108760305412	0.65200037443466	0.642256982462789	0.148736341564509
peak_1612	87931334	0.555193990781644	0.294574099201482	2.81024761762196	NA	0.204928654128695
peak_1615	88157877	0.447465939042056	0.0508610084474444	3.24845695226146	2.69748433999283	0.0976026648889381
peak_1617	88580076	0.605854682914952	0.210744893002691	12.5342827677782	NA	0.0957520771633736
peak_1618	88582377	0.52855758176661	0	44.5604612687351	11.007622298146	0.133922099394901
peak_1619	88653909	0.526150982243525	0.123952225432307	1.30474376549681	1.38509777073578	0.124483726059447
peak_1621	88873069	0.807378434975703	0	29527.9964859683	14.5363855829978	0.11676687422153
peak_1625	89007967	0.226043305285714	0.0986052103421223	2.44595945861811	5.33038487563964	0.0733272515610216
peak_1629	89023814	0.320573836910423	0.125746566118089	0.526829705790963	0.91140754215191	0.147108371139735
peak_1630	89115583	0.310738105070983	0	32.592843647505	7.55654648172667	0.111962080281702
peak_1632	89488117	0.600670033004108	0.203045047060373	22.1580229489741	NA	0.124789302971514
peak_1633	90242270	0.417998284244585	0.113300936292797	0.487933619479703	0.565085406115076	0.101650961728624
peak_1636	90358337	0.356056430735169	0.0256219177575303	6.55689599566189	5.07410989038145	0.164312443437626
peak_1638	90426047	0.63704551698481	0.385624298614387	3.4109867466742	NA	0.168988802431788
peak_1642	91313277	0.730130503716282	0	92060.4592009489	NA	0.154255940905606
peak_1649	91323705	NA	NA	NA	NA	NA
peak_1656	92021610	0.51980977358474	0	117794.932300357	NA	0.163310052347777
peak_1658	92028452	0.596375407690971	0	49578.3682993333	NA	0.0773916365064828
peak_1664	93069902	0.561662763425293	0.234805358869658	0.97527455987712	1.91184735165352	0.173710545830754
peak_1665	93097637	0.776673913981541	0.328901399487416	0.647017160820552	1.30658170860213	0.158749354734386
peak_1667	93281165	0.545066915645335	0.0799559639813513	2.84995099363885	2.51302221976717	0.12502059769773
peak_1668	93285958	0.519699163635036	0.0463164336285102	2.68458455836713	2.13723034218985	0.0552776857364245
peak_1669	93288751	0.533418899821253	0.101457828895135	4.13836906314303	3.97641888318672	0.0837579297714564
peak_1672	93296856	0.323939555321459	0	6.28793915156441	4.16467999358821	0.0946735873640557
peak_1677	93631664	0.452490914830863	0.0356671470665844	3.76023045031311	2.94275757307549	0.075637101293978
peak_1684	93672042	0.384059004063823	0.129926575956541	0.890994420889402	1.25546673268161	0.0984585882038973
peak_1687	93793148	0.401655060059385	0.0131355788600185	4.73552893481609	3.4452926495962	0.17837991409164
peak_1688	93796529	0.435367963424421	0.116054207449386	4.03235509588776	4.61639186934098	0.119859667170781
peak_1689	93831398	0.444580173297591	0.0793703146240389	2.52768686516579	2.3714472681919	0.0565611090418726
peak_1692	93911061	0.553815347935126	0.125796787449154	0.839730552537496	0.874287685983844	0.174393158850796
peak_1693	93922109	0.616785188738562	0.120150215469026	4.04325363623474	3.92246108651815	0.225991590126822
peak_1698	93988096	0.490282191298627	0.160318055965053	1.79035536474744	2.43204874718758	0.090959799629286
peak_1700	94012612	0.488064253313178	0.128677879963013	0.826164237657053	0.938844991982401	0.0810640123225409
peak_1701	94016648	0.517903889982624	0.050665423781602	0.75040573442613	0.606271646018937	0.0606964899711659
peak_1703	94032896	0.460780664489145	0	16.7369665292589	6.91760356224089	0.110678965725205
peak_1707	94121237	0.555909682032609	0.134172261334014	10.8563057830911	11.6822600329721	0.143012335341171
peak_1714	94177599	0.462920003828576	0.22080826661408	0.961409551278509	3.00313244696323	0.0734529610029642
peak_1719	94187790	0.470080379348917	0.166388166230023	1.37001702507696	2.03716616707765	0.0856001377458899
peak_1720	94193924	0.452085298686782	0.299309059566777	2.2292640081396	NA	0.0879664833540843
peak_1721	94197790	0.537658893175617	0.216843640619262	4.3541032522906	7.92400943671241	0.0753330172230778
peak_1723	94212223	0.551946819090639	0.285146789588241	1.40886447286176	NA	0.0691046345521805
peak_1724	94234123	0.602548650632318	0.0525004575628992	13.9541580617872	11.0720882467298	0.193257677102859
peak_1726	94366313	0.691545357258353	0.3738846685289	3.83081371589052	NA	0.0396335366797822
peak_1728	94541685	0.536764361480295	0.129807377431355	4.07429084294074	4.38922217265569	0.0939586876147444
peak_1738	94865512	0.473318268393626	0.198342607594577	0.361998995126498	0.713428083125617	0.167974673806925
peak_1744	94989889	0.55083251408707	0.121958040380991	3.15559592520327	3.24311937034937	0.107668582260593
peak_1745	95018111	0.432749103627125	0.0658997562802384	0.794030520081458	0.707604798107033	0.152486431933474
peak_1746	95025659	0.484817205897513	0	7.97254236627125	5.47936123778348	0.113460163407529
peak_1751	95253527	0.568789152836555	0.253289416289938	0.656183308736024	1.52023507014429	0.218520391171108
peak_1754	95443605	0.490605169223339	0.092191972275784	1.98741932011646	1.90062679736981	0.072463940018604
peak_1755	95658161	0.420464460356491	0.0249428757154963	4.02312492184644	3.05068203995974	0.0883474655352078
peak_1757	95711186	0.612009609249958	0.213128615004389	3.33384646473531	4.85873383746377	0.13192433693722
peak_1761	95880942	0.482085424529155	0.07426726433635	1.12990219085331	1.01032815015994	0.0794703168803293
peak_1763	95956610	0.452038420370014	0.0178824922202376	3.14016840676422	2.30867878463397	0.0447536271164422
peak_1764	95967425	0.43482231207225	0.0353906427428286	4.22313595808827	3.31906102865078	0.0667092965026948
peak_1767	96095529	0.636300451739065	0.0987882881216293	0.442407587854351	0.396498218204945	0.157464266059338
peak_1777	96845529	0.468338058572252	0.109118024061827	0.84412022514026	0.890726984905208	0.0936403134342413
peak_1780	97069727	0.373992115374617	0.0928375580360289	1.29758947236492	1.41946558360528	0.123150657309955
peak_1781	97072458	0.452627278670335	0.0956377963031674	1.68618974866698	1.69459800845757	0.139251437075449
peak_1782	97234347	0.559199196280611	0.0721483809893953	5.99821979772403	5.11931412990312	0.192768654160253
peak_1784	97376086	0.473647092066824	0.0114709662533627	6.56231282798338	4.71357704870899	0.0981491145875902
peak_1785	97431440	NA	NA	NA	NA	NA
peak_1794	98148423	0.363314157007465	0.0158993053527194	2.54172167224718	1.88085390439758	0.0588523346030901
peak_1795	98149774	0.523910615759861	0.18624153554127	1.68652142390661	2.52152878278678	0.186012019627899
peak_1797	98252564	0.351780407915933	0.0848647150270339	0.649510389649632	0.6987389164563	0.0635356120124028
peak_1801	98545635	0.403630794303832	0.0680964804044986	1.42729642582122	1.31309025676118	0.137125591643792
peak_1807	98932379	0.363379628635703	0.126914063928215	0.829829772343104	1.21367168989044	0.150434820550714
peak_1808	98936574	0.698607479230955	0.167238519901567	8.56350393162782	9.17229751869083	0.0723214915950485
peak_1809	98954083	0.487448139443901	0	9.31795231635699	6.33715096103824	0.110878303976742
peak_1812	99042246	0.437107390536825	0.107272226735212	1.04911334253199	1.13989341566751	0.0969112162169615
peak_1814	99046364	0.357672599183251	0.0532534914063186	1.16750195249511	1.0337529624322	0.11497638427771
peak_1815	99047859	0.262841933741211	0.0545341566988637	0.41766246617162	0.416276804435527	0.0525486784939197
peak_1817	99052509	0.399822730596361	0.0285637503360529	1.56514035003022	1.21017520510106	0.0718260751853933
peak_1819	99078447	0.555877699461973	0	10011.433774556	NA	0.113828255745819
peak_1820	99111176	0.783654777735819	0	72612.9228451172	NA	0.0903223575242433
peak_1823	99152554	0.479759400935631	0.111442320111935	1.00558195946177	1.05938333620856	0.101525957944572
peak_1825	99216665	0.350397141823968	0.0604769309734666	5.34454447495378	4.95491156723223	0.183519522162588
peak_1827	99326286	0.53201644030256	0.119746544215133	0.5388278814842	0.5583770441669	0.139307477501874
peak_1828	99331783	0.439889659057077	0.156512812584784	0.980960971316482	1.46831110429913	0.0637601193789436
peak_1829	99335887	0.348979932762499	0.0572215473233367	0.73321755683393	0.668298859622286	0.0563382738636634
peak_1834	99463919	0.296941115315715	0.0153828113875391	4.4913983398932	3.365543505521	0.0530272055793704
peak_1837	99521819	0.611925089334985	0.139884867900927	0.645802585117613	0.67461092502853	0.0627732316970221
peak_1840	99567509	0.434913772843293	0.128389161968063	1.24119724406093	1.53399693917676	0.0909865018470663
peak_1846	99819337	0.416684278519244	0.060610965186931	3.27416309899439	2.88042015264019	0.0983181222269965
peak_1847	99852898	0.420391933359717	0.08029406042438	4.41097016512695	4.24535517090384	0.105371666614442
peak_1849	99883284	0.399654528819997	0.104176442306645	0.424444348808173	0.478726700421089	0.119737314072239
peak_1850	99974964	0.470271374875282	0.113874822143318	1.12534485622644	1.21323416188701	0.0731116244369987
peak_1853	100134459	0.265354397223346	0.0549907439496573	0.830310565451044	0.82711951741177	0.0963317847963283
peak_1858	100409288	0.51855640998	0.0603189826031813	0.726541182195611	0.606144269464502	0.040419505889109
peak_1863	100493613	0.503200261100312	0.0577664780677459	3.28633814776774	2.73439197342065	0.0898180254258273
peak_1864	100597418	0.611158218736833	0.273721712045819	0.60072785670038	1.41778247277066	0.200532897871231
peak_1865	100625687	0.474322291447171	0.0781178861153441	2.48927249887759	2.27209346762883	0.0718112416724809
peak_1866	100652858	0.334709638488227	0.0851742785988332	6.47439174180897	7.19099092489384	0.111841893703347
peak_1868	100729720	0.478821838533606	0.129128020751333	0.79532666398865	0.917814204719297	0.144675752546646
peak_1869	100739040	0.588828924836848	0.0615531359343419	1.95400390434234	1.59696952081784	0.173234598475624
peak_1870	100741894	0.41833199718363	0.054546071880721	4.73405940341514	4.05044019417033	0.10085119842524
peak_1872	100767197	0.380113028693055	0	8.07942539828656	4.62664574457878	0.108980214570578
peak_1874	100776456	0.516014647595448	0.0224471502937592	4.53226416644139	3.35248510930798	0.0667716213494465
peak_1879	101083846	0.410087999974595	0.101258836344789	4.91493023040041	5.35956051004489	0.0888993120975119
peak_1881	101089515	0.304011828232281	0	6.15657477723991	4.11848516794604	0.106251258098183
peak_1883	101121274	0.52648913409716	0.0136496471029127	6.56750263070439	4.7294137809613	0.211639062721329
peak_1886	101221898	0.694776166027918	0.423611458969847	3.0134013705246	NA	0.0958744631868637
peak_1887	101244875	0.365429545307232	0.0724459951591814	1.29888805229654	1.26926775112138	0.0898169219239153
peak_1888	101253654	0.44764437974687	0	11.0850201146375	6.58775216677493	0.0232710248656909
peak_1889	101260312	0.464376180154313	0.130419479660025	0.524064935950532	0.62275141242748	0.116203171877417
peak_1894	101329550	0.481572401885621	0.182573035877969	0.696589274872141	1.13984987241901	0.153742883562087
peak_1895	101332124	0.507614802817424	0.0734348802195391	4.87054113372733	4.27845254386525	0.058471630758012
peak_1897	101381906	0.344064497507679	0.0644258327247552	4.65887526216856	4.44930979283945	0.137322633696721
peak_1903	101428890	0.542067313583135	0.0682419124023669	1.86731082567063	1.58471077129967	0.112305651352726
peak_1906	101481341	0.545977243764089	0.198896189314832	1.50737582951987	2.32775749212495	0.0946540350696067
peak_1907	101486498	0.597041294079303	0.188867121167757	10.1986125681312	13.404733549603	0.164316822799416
peak_1909	101504585	0.516885292697317	0.129795429009669	1.10779808971491	1.22033150228701	0.120486573023404
peak_1911	101518088	0.437741459800009	0	118831.699382156	13.3280552298916	0.209172524460496
peak_1912	101521865	0.448594161345909	0	125149.099980089	16.1841810850688	0.0688363247752707
peak_1913	101523765	0.677722426130736	0.209092948581587	6.45984185525765	8.29483842642254	0.135014523757036
peak_1915	101526918	0.423495655226937	0	21.5864925121187	10.3702965421395	0.0593967670744173
peak_1917	101530759	0.388161138476562	0	66992.1302945421	9.19291883050467	0.205978953049626
peak_1918	101532328	0.500520821475213	0	27.7218667625544	9.84158501725073	0.0513721107783854
peak_1919	101622518	0.560582360279828	0.167822223837882	0.411011759650893	0.513979184451848	0.170633604308843
peak_1921	101636174	0.562138635940319	0.0432332527925631	2.38695483467021	1.86215876786701	0.175201811570126
peak_1922	101636886	0.495662414519385	0.132558339067899	6.09019459867751	6.98781265400285	0.122102956288226
peak_1923	101639235	0.496958378529614	0.00547334165113521	11.1371769123243	7.84442587619346	0.0724064839901394
peak_1936	101772011	0.504714328928489	0.195046571321924	1.13844566823677	1.92057434392696	0.120308786100075
peak_1940	101849277	0.490824800284299	0.0635944529598327	2.19245457486791	1.87305215038644	0.0564986756577201
peak_1942	101864631	0.538477668006207	0.129487217968678	0.661766030472141	0.710620994037346	0.0840797530562342
peak_1944	101935444	0.531264967499083	0.0969079441181057	0.688310408364025	0.650865901129471	0.0807726081995603
peak_1945	101942307	0.52881279153696	0.0623441357760707	3.38352742330525	2.8307096602823	0.128106142307211
peak_1946	101954024	0.435443709205979	0.0988774598389318	1.30001425454505	1.3532888088565	0.0841413254647486
peak_1947	101978918	0.461040365823218	0.0165167322838557	0.856325177048288	0.625983195106265	0.0467946452781586
peak_1949	101984233	0.371126424442741	0.0709218670305731	0.574713467686977	0.553251128203452	0.116921714907492
peak_1951	101993849	0.505373039850281	0.0770798719631526	3.11063918114304	2.77332580381437	0.146606382974529
peak_1952	102003520	0.423822616176827	0.139003675412079	0.452060757669676	0.616005269657663	0.141167492414939
peak_1956	102070798	0.530135597838397	0.0432266618555534	2.2837519774776	1.79529303075104	0.111067118346449
peak_1957	102118914	0.448803304662293	0	22.5325871329845	10.6485804772034	0.0576679123298404
peak_1959	102156687	0.486065911736176	0	65.1958344149544	10.115786972468	0.103434314500881
peak_1963	102178265	0.502938884426323	0.0213653375685958	14.1750555409388	10.468663078557	0.153519073623462
peak_1965	102181817	0.44785380595084	0.0833438508435226	2.49750291555948	2.37950946485699	0.114917830509531
peak_1967	102188989	0.460950833966644	0.0449111753449932	6.36403640757219	5.13819221922841	0.160719421163705
peak_1968	102193035	0.464236050936514	0.0941698847325585	0.744979250884639	0.735148500569709	0.166412633078728
peak_1972	102214603	0.317194352609969	0	149.037444144853	10.9730547656062	0.171128782834463
peak_1975	102250512	0.502019860882918	0.112338730544551	1.9687307116894	2.0341381032445	0.157302220205826
peak_1977	102504853	0.544464960398392	0.0652093084743516	2.63764877436494	2.21405147429757	0.0990901887285499
peak_1978	102543659	0.562765115327311	0.184097337391255	1.07033442107047	1.45459750011732	0.169680106448792
peak_1979	102567819	0.471988451867076	0.0566535560624853	0.655050843254965	0.550110382773	0.124874396880812
peak_1982	102643805	0.407346365921911	0.0599436111875479	3.80920522108592	3.3618187271902	0.0945458440716107
peak_1983	102684495	0.466040934880512	0.0798126650917652	0.981713973633997	0.907725511603147	0.0437859601014709
peak_1987	102802639	0.373477227663443	0	119775.845320857	14.6377400484989	0.263536206285475
peak_1989	102933369	0.539262285346189	0.175183144949297	0.739446688543739	0.997751587278732	0.182301907746056
peak_1991	103026242	0.649064841595278	0.295829876547353	1.19314179833203	2.99496212916108	0.210553286062645
peak_1994	103129223	0.505324101624964	0.128160293108571	1.31011954569863	1.45208379116045	0.0944624053980954
peak_1997	103251067	0.448376513816086	0.152840897554707	1.83873796440793	2.61326776422512	0.0652572436136362
peak_1999	103273436	0.515284508638682	0.24412439545135	0.555717511968159	1.66642886925736	0.173745480769395
peak_2003	103288724	0.526083681044467	0.0276676344517188	3.28010692296503	2.46092826136775	0.125026976960133
peak_2004	103311618	0.503834373617455	0.0468524578040655	4.47615261169426	3.58682227640896	0.100449145948005
peak_2007	103321034	0.551939352804143	0.17503104824507	0.631511711383931	0.83200988704472	0.109676678967554
peak_2011	103356103	0.4521955437956	0	27.8216519249044	10.204221607375	0.208156092416665
peak_2012	103371073	0.463606343534098	0.0968195718892278	3.04248636161746	3.04135269116527	0.0706568758702743
peak_2017	103404483	0.425233396419692	0.0523680610246443	3.74250982474233	3.16051486097903	0.039246609309385
peak_2020	103432216	0.601540096300797	0.113083296877868	1.25811743401511	1.2033599811757	0.0557982449508158
peak_2021	103437482	0.568986254544595	0.162417284712521	0.853375022964683	1.02670493713623	0.138875616329926
peak_2022	103439509	0.501827922517425	0.111813721799018	0.695560851136035	0.717115120422261	0.145125048338717
peak_2023	103440943	0.4075124110076	0.164219135400878	5.59147823882911	10.1598775296504	0.205830687599462
peak_2024	103443538	0.457500770860325	0.201933556811333	7.33968802117646	16.5470023744518	0.168951878166995
peak_2026	103448498	0.663154768975105	0.254865238550212	5.98736488826238	10.0103741713931	0.165686441455877
peak_2028	103452852	0.596492624400379	0.256747246512876	1.1362891223615	2.38907689497872	0.0928096559911027
peak_2030	103455232	0.686445474017632	0.518811026290501	1.81446123889075	NA	0.228080504256684
peak_2031	103457292	NA	NA	NA	NA	NA
peak_2032	103458533	NA	NA	NA	NA	NA
peak_2037	103471159	0.492016433930713	0.317257117216491	0.653855322916674	NA	0.189500555335813
peak_2040	103475882	NA	NA	NA	NA	NA
peak_2041	103476922	NA	NA	NA	NA	NA
peak_2042	103480418	NA	NA	NA	NA	NA
